[Language]
Lang1File=Chinese.ini
Lang1FontName=
Lang1FontSize=
Lang2File=English.ini
Lang2FontName=
Lang2FontSize=
LangPath=Language\
Selected=1
[System]
ATTATIME_LH=30.000000
ATTATIME_LL=20.000000
ATTATIME_RH=20.000000
ATTATIME_RL=20.000000
Channel=0
CHANUM=2
Debug=1
DIVFREQ_L=3000.000000
DIVFREQ_R=1000.000000
DrcSwtch=1
ECALTIME_LH=200.000000
ECALTIME_LL=300.000000
ECALTIME_RH=200.000000
ECALTIME_RL=200.000000
EQCFLEFT=60.000000,150.000000,400.000000,1000.000000,3000.000000,7000.000000,15000.000000,17000.000000,17500.000000
EQCFRIGHT=60.000000,150.000000,400.000000,1000.000000,3000.000000,7000.000000,15000.000000,17000.000000,17500.000000
EQGAINLEFT=0.000000,0.000000,12.000000,0.000000,0.000000,0.000000,0.000000,0.000000,-12.000000
EQGAINRIGHT=-12.000000,0.000000,0.000000,0.000000,0.000000,12.000000,0.000000,0.000000,0.000000
EQQLEFT=2.500000,2.500000,2.500000,2.500000,2.500000,2.500000,2.500000
EQQRIGHT=2.500000,2.500000,2.500000,2.500000,2.500000,2.500000,2.500000
EQSwtch=1
Link=0
LogLevel=0
LogPath=e:\code\EQTool\Release\Log\
OFFSET_LH=10.000000
OFFSET_LL=6.000000
OFFSET_RH=12.000000
OFFSET_RL=-6.000000
RATHDEN_LH=1.000000
RATHDEN_LL=2.000000
RATHDEN_RH=1.000000
RATHDEN_RL=2.000000
RATHNOM_LH=2.000000
RATHNOM_LL=5.000000
RATHNOM_RH=2.000000
RATHNOM_RL=5.000000
RATLDEN_LH=1.000000
RATLDEN_LL=1.000000
RATLDEN_RH=1.000000
RATLDEN_RL=1.000000
RATLNOM_LH=1.000000
RATLNOM_LL=1.000000
RATLNOM_RH=1.000000
RATLNOM_RL=1.000000
RSLTIME_LH=30.000000
RSLTIME_LL=20.000000
RSLTIME_RH=20.000000
RSLTIME_RL=20.000000
SCTRGAINL=0.000000
SCTRGAINR=0.000000
SMTHTIME_LH=30.000000
SMTHTIME_LL=20.000000
SMTHTIME_RH=20.000000
SMTHTIME_RL=20.000000
SWFS=44100
THREH_LH=-35.000000
THREH_LL=-40.000000
THREH_RH=-9.000000
THREH_RL=-15.000000
THREL_LH=-60.000000
THREL_LL=-64.000000
THREL_RH=-70.000000
THREL_RL=-80.000000
