[Language]
Lang1File=Chinese.ini
Lang1FontName=
Lang1FontSize=
Lang2File=English.ini
Lang2FontName=
Lang2FontSize=
LangPath=Language\
Selected=1
[System]
ATTATIME_LH=20
ATTATIME_LL=20
ATTATIME_RH=20
ATTATIME_RL=20
Channel=1
CHANUM=2
Debug=1
DIVFREQ_L=3000
DIVFREQ_R=1000
DrcChannel=1
DRCLink=0
DrcSwtch=1
ECALTIME_LH=200
ECALTIME_LL=200
ECALTIME_RH=200
ECALTIME_RL=200
EQ1Channel=0
EQCFLEFT=20,60,150,400,1000,3000,7000,15000,17000,17500
EQCFLEFT1=60,150,400,1000,3000,7000,15000,17500
EQCFRIGHT=20,60,150,400,1000,3000,7000,15000,17000,17500
EQCFRIGHT1=60,150,400,1000,3000,7000,15000,17500
EQChannel=1
EQGAINLEFT=0,0,12,0,0,0,0,0,0,-12
EQGAINLEFT1=0,0,0,15,0,0,0,0
EQGAINRIGHT=-12,0,0,0,0,12,0,0,0,0
EQGAINRIGHT1=0,0,15,0,0,0,0,0
EQLink=0
EQLink1=0
EQQLEFT=2.500000,2.500000,2.500000,2.500000,2.500000,2.500000,2.500000,2.500000
EQQLEFT1=2.500000,2.500000,2.500000,2.500000,2.500000,2.500000
EQQRIGHT=2.500000,2.500000,2.500000,2.500000,2.500000,2.500000,2.500000,2.500000
EQQRIGHT1=2.500000,2.500000,2.500000,2.500000,2.500000,2.500000
EQSwtch=1
EQSwtch1=1
LimitChannel=1
LimitLink=1
LimitSwtch=1
Link=0
LLMT_ATTACKTIME=0.500000
LLMT_ECALTIME=6.000000
LLMT_SMOOTHTIME=20.000000
LLMT_THRESHOLD=-3.000000
LogLevel=0
LogPath=
OFFSET_LH=6
OFFSET_LL=6
OFFSET_RH=12
OFFSET_RL=-6
RATHDEN_LH=1
RATHDEN_LL=2
RATHDEN_RH=1
RATHDEN_RL=2
RATHNOM_LH=2
RATHNOM_LL=5
RATHNOM_RH=2
RATHNOM_RL=5
RATLDEN_LH=1
RATLDEN_LL=1
RATLDEN_RH=1
RATLDEN_RL=1
RATLNOM_LH=1
RATLNOM_LL=1
RATLNOM_RH=1
RATLNOM_RL=1
RLMT_ATTACKTIME=0.500000
RLMT_ECALTIME=6.000000
RLMT_SMOOTHTIME=20.000000
RLMT_THRESHOLD=-3.000000
RSLTIME_LH=20
RSLTIME_LL=20
RSLTIME_RH=20
RSLTIME_RL=20
SCTRGAINL1=0
SCTRGAINL2=0
SCTRGAINR1=0
SCTRGAINR2=0
SMTHTIME_LH=20
SMTHTIME_LL=20
SMTHTIME_RH=20
SMTHTIME_RL=20
SWFS=44100
THREH_LH=-35
THREH_LL=-40
THREH_RH=-9
THREH_RL=-15
THREL_LH=-60
THREL_LL=-64
THREL_RH=-70
THREL_RL=-80
